[gd_scene load_steps=113 format=3 uid="uid://bqx54elivcbcj"]

[ext_resource type="PackedScene" uid="uid://qbmx03iibuuu" path="res://addons/godot-xr-tools/staging/scene_base.tscn" id="1"]
[ext_resource type="Script" path="res://scenes/demo_scene_base.gd" id="2_a3nc2"]
[ext_resource type="PackedScene" uid="uid://bdwmserhqai5h" path="res://addons/godot-xr-tools/hands/scenes/lowpoly/left_physics_hand_low.tscn" id="2_ho402"]
[ext_resource type="PackedScene" uid="uid://3a6wjr3a13vd" path="res://assets/meshes/teleport/teleport.tscn" id="3"]
[ext_resource type="PackedScene" uid="uid://bft3xyxs31ci3" path="res://addons/godot-xr-tools/functions/function_pose_detector.tscn" id="3_s2g5l"]
[ext_resource type="Texture2D" uid="uid://ckw6nliyayo6a" path="res://scenes/main_menu/return to main menu.png" id="4"]
[ext_resource type="PackedScene" uid="uid://bjcxf427un2wp" path="res://addons/godot-xr-tools/player/poke/poke.tscn" id="4_nc36h"]
[ext_resource type="PackedScene" uid="uid://dukyhft262nrv" path="res://assets/meshes/interactables/slider_snap.tscn" id="5"]
[ext_resource type="Animation" uid="uid://dgfeikrugfewi" path="res://addons/godot-xr-tools/hands/animations/left/Cup.res" id="5_5idcp"]
[ext_resource type="PackedScene" uid="uid://btf05hjpw6k05" path="res://addons/godot-xr-tools/hands/scenes/lowpoly/right_physics_hand_low.tscn" id="5_x135n"]
[ext_resource type="Animation" uid="uid://dlxa6f6hwurka" path="res://addons/godot-xr-tools/hands/animations/left/Default pose.res" id="6_ho7np"]
[ext_resource type="PackedScene" uid="uid://b4ysuy43poobf" path="res://addons/godot-xr-tools/functions/function_pickup.tscn" id="7"]
[ext_resource type="Animation" uid="uid://plad1r85f7ws" path="res://addons/godot-xr-tools/hands/animations/left/Grip.res" id="7_rw5rv"]
[ext_resource type="PackedScene" uid="uid://bl2nuu3qhlb5k" path="res://addons/godot-xr-tools/functions/movement_direct.tscn" id="8"]
[ext_resource type="PackedScene" uid="uid://bwr0eqi231lf0" path="res://assets/meshes/control_pad/control_pad_location_left.tscn" id="8_rx1lv"]
[ext_resource type="Animation" uid="uid://dqa0h82y3qn1t" path="res://addons/godot-xr-tools/hands/animations/left/Grip 1.res" id="8_tre14"]
[ext_resource type="PackedScene" uid="uid://diyu06cw06syv" path="res://addons/godot-xr-tools/player/player_body.tscn" id="9"]
[ext_resource type="Animation" uid="uid://di384xtde8ydf" path="res://addons/godot-xr-tools/hands/animations/left/Grip 2.res" id="9_y380a"]
[ext_resource type="PackedScene" uid="uid://b6bk2pj8vbj28" path="res://addons/godot-xr-tools/functions/movement_turn.tscn" id="10"]
[ext_resource type="Animation" uid="uid://dd67rufxwj2u" path="res://addons/godot-xr-tools/hands/animations/left/Grip 3.res" id="10_bgfxf"]
[ext_resource type="Animation" uid="uid://db62hs5s4n2b3" path="res://addons/godot-xr-tools/hands/animations/left/Grip 4.res" id="11_e1ytb"]
[ext_resource type="PackedScene" uid="uid://deyk5frilshws" path="res://assets/meshes/control_pad/control_pad_location_right.tscn" id="11_euqkg"]
[ext_resource type="PackedScene" uid="uid://d0g2s2yli7iqp" path="res://scenes/interactables_demo/objects/instructions.tscn" id="11_txloh"]
[ext_resource type="PackedScene" uid="uid://cpwdvy41fqdua" path="res://assets/meshes/interactables/slider_smooth.tscn" id="12"]
[ext_resource type="Animation" uid="uid://bediglpx0rj7i" path="res://addons/godot-xr-tools/hands/animations/left/Grip 5.res" id="12_38wiv"]
[ext_resource type="PackedScene" uid="uid://hv8nnbkuccxi" path="res://assets/meshes/interactables/slider_zero.tscn" id="13"]
[ext_resource type="Animation" uid="uid://nq3xh1olqipq" path="res://addons/godot-xr-tools/hands/animations/left/Grip Shaft.res" id="13_jgrjm"]
[ext_resource type="PackedScene" uid="uid://ct3p5sgwvkmva" path="res://assets/meshes/control_pad/control_pad.tscn" id="13_qruny"]
[ext_resource type="PackedScene" uid="uid://cs6dxfu5owcgo" path="res://assets/meshes/interactables/lever_smooth.tscn" id="14"]
[ext_resource type="Animation" uid="uid://bi1l6lre2w2lp" path="res://addons/godot-xr-tools/hands/animations/left/Hold.res" id="14_d1kp6"]
[ext_resource type="PackedScene" uid="uid://cll4pk3kuuq1" path="res://assets/meshes/interactables/lever_zero.tscn" id="15"]
[ext_resource type="Animation" uid="uid://c3e6h0rv2uw2d" path="res://addons/godot-xr-tools/hands/animations/left/Horns.res" id="15_n1tci"]
[ext_resource type="PackedScene" uid="uid://dxgv8axd355m7" path="res://assets/meshes/interactables/lever_snap.tscn" id="16"]
[ext_resource type="Animation" uid="uid://dfekure1r6q13" path="res://addons/godot-xr-tools/hands/animations/left/Metal.res" id="16_5r1c2"]
[ext_resource type="PackedScene" uid="uid://bnckmqfewiysy" path="res://assets/meshes/interactables/joystick_snap.tscn" id="17"]
[ext_resource type="Animation" uid="uid://b0rhk4r0r0t32" path="res://addons/godot-xr-tools/hands/animations/left/Middle.res" id="17_m3jio"]
[ext_resource type="PackedScene" uid="uid://bvgjfffe0w2uu" path="res://assets/meshes/interactables/joystick_smooth.tscn" id="18"]
[ext_resource type="Animation" uid="uid://f5k0gh4qnmv5" path="res://addons/godot-xr-tools/hands/animations/left/OK.res" id="18_of4vg"]
[ext_resource type="PackedScene" uid="uid://dtrftty6i383g" path="res://assets/meshes/interactables/joystick_zero.tscn" id="19"]
[ext_resource type="Animation" uid="uid://1nlkfvitq7ku" path="res://addons/godot-xr-tools/hands/animations/left/Peace.res" id="19_vnkld"]
[ext_resource type="PackedScene" uid="uid://d2td5hwh2oluy" path="res://assets/meshes/interactables/wheel_smooth.tscn" id="20"]
[ext_resource type="Animation" uid="uid://dhjb0e334tfwl" path="res://addons/godot-xr-tools/hands/animations/left/Pinch Flat.res" id="20_d7l7k"]
[ext_resource type="PackedScene" uid="uid://dbv1hvxufc1al" path="res://assets/meshes/interactables/push_button.tscn" id="21"]
[ext_resource type="Animation" uid="uid://dkjsnihi81b7p" path="res://addons/godot-xr-tools/hands/animations/left/Pinch Large.res" id="21_eeodo"]
[ext_resource type="Animation" uid="uid://bn0fdhe2jwq3h" path="res://addons/godot-xr-tools/hands/animations/left/Pinch Middle.res" id="22_sc2jd"]
[ext_resource type="Animation" uid="uid://bo1b8w0s4ci81" path="res://addons/godot-xr-tools/hands/animations/left/Pinch Ring.res" id="23_grx5x"]
[ext_resource type="Animation" uid="uid://m5x2m8x3tcel" path="res://addons/godot-xr-tools/hands/animations/left/Pinch Tight.res" id="24_ndokr"]
[ext_resource type="PackedScene" uid="uid://ca6c2h3xsflxf" path="res://assets/maps/holodeck_map.tscn" id="25_f2g0r"]
[ext_resource type="Animation" uid="uid://fi23m6i7orhw" path="res://addons/godot-xr-tools/hands/animations/left/Pinch Up.res" id="25_i2ysd"]
[ext_resource type="Animation" uid="uid://c8qmcuyaltdnw" path="res://addons/godot-xr-tools/hands/animations/left/PingPong.res" id="26_2i63e"]
[ext_resource type="Animation" uid="uid://bqnoubqq7ogwu" path="res://addons/godot-xr-tools/hands/animations/left/Pinky.res" id="27_fhpj8"]
[ext_resource type="Animation" uid="uid://ddbo6ioa282en" path="res://addons/godot-xr-tools/hands/animations/left/Pistol.res" id="28_0l3pq"]
[ext_resource type="Animation" uid="uid://brkptjihht3ae" path="res://addons/godot-xr-tools/hands/animations/left/Ring.res" id="29_70i2y"]
[ext_resource type="Animation" uid="uid://cnng6xumhw7cx" path="res://addons/godot-xr-tools/hands/animations/left/Rounded.res" id="30_oopwc"]
[ext_resource type="Animation" uid="uid://cevirj0eagdrq" path="res://addons/godot-xr-tools/hands/animations/left/Sign 1.res" id="31_aqeef"]
[ext_resource type="Animation" uid="uid://cc6phxovf1ban" path="res://addons/godot-xr-tools/hands/animations/left/Sign 2.res" id="32_1i46v"]
[ext_resource type="Animation" uid="uid://ohthjp8qbcc4" path="res://addons/godot-xr-tools/hands/animations/left/Sign 3.res" id="33_ftfue"]
[ext_resource type="Animation" uid="uid://dmx42g64577g5" path="res://addons/godot-xr-tools/hands/animations/left/Sign 4.res" id="34_m4816"]
[ext_resource type="Animation" uid="uid://dhsoxntrktx0p" path="res://addons/godot-xr-tools/hands/animations/left/Sign 5.res" id="35_sgjav"]
[ext_resource type="Animation" uid="uid://c0u2a3yc2vhg8" path="res://addons/godot-xr-tools/hands/animations/left/Sign_Point.res" id="36_877pv"]
[ext_resource type="Animation" uid="uid://4g211my0hoiw" path="res://addons/godot-xr-tools/hands/animations/left/Straight.res" id="37_csru2"]
[ext_resource type="Animation" uid="uid://d06l7hygl4qt3" path="res://addons/godot-xr-tools/hands/animations/left/Surfer.res" id="38_fv1v7"]
[ext_resource type="Animation" uid="uid://bxei4oebd4hu3" path="res://addons/godot-xr-tools/hands/animations/left/Thumb.res" id="39_ocw4i"]
[ext_resource type="Animation" uid="uid://do01jton6rk42" path="res://addons/godot-xr-tools/hands/animations/right/Cup.res" id="45_i7uu7"]
[ext_resource type="Animation" uid="uid://ky28birj4su6" path="res://addons/godot-xr-tools/hands/animations/right/Default pose.res" id="46_nbgek"]
[ext_resource type="Animation" uid="uid://ccds2u22gbxn7" path="res://addons/godot-xr-tools/hands/animations/right/Grip.res" id="47_oojys"]
[ext_resource type="Animation" uid="uid://daqddcrbpam0c" path="res://addons/godot-xr-tools/hands/animations/right/Grip 1.res" id="48_y6njx"]
[ext_resource type="Animation" uid="uid://r8hleealhrqt" path="res://addons/godot-xr-tools/hands/animations/right/Grip 2.res" id="49_2or2w"]
[ext_resource type="Animation" uid="uid://rs7vpclot07o" path="res://addons/godot-xr-tools/hands/animations/right/Grip 3.res" id="50_k84yt"]
[ext_resource type="Animation" uid="uid://d1xnpyc08njjx" path="res://addons/godot-xr-tools/hands/animations/right/Grip 4.res" id="51_vk6dr"]
[ext_resource type="Animation" uid="uid://s1vqcxyqcvea" path="res://addons/godot-xr-tools/hands/animations/right/Grip 5.res" id="52_5fihv"]
[ext_resource type="Animation" uid="uid://c8dghcftg1thx" path="res://addons/godot-xr-tools/hands/animations/right/Grip Shaft.res" id="53_dwd4g"]
[ext_resource type="Animation" uid="uid://bv5tuc1kjv0k5" path="res://addons/godot-xr-tools/hands/animations/right/Hold.res" id="54_6knco"]
[ext_resource type="Animation" uid="uid://cdjfhqnr4n2mr" path="res://addons/godot-xr-tools/hands/animations/right/Horns.res" id="55_w27wx"]
[ext_resource type="Animation" uid="uid://b1kqsodcr1til" path="res://addons/godot-xr-tools/hands/animations/right/Metal.res" id="56_vhxvs"]
[ext_resource type="Animation" uid="uid://cg6fsqb2iuuih" path="res://addons/godot-xr-tools/hands/animations/right/Middle.res" id="57_la2qk"]
[ext_resource type="Animation" uid="uid://c3isimdlxg54a" path="res://addons/godot-xr-tools/hands/animations/right/OK.res" id="58_uw33k"]
[ext_resource type="Animation" uid="uid://bxmc3vlfih764" path="res://addons/godot-xr-tools/hands/animations/right/Peace.res" id="59_as07m"]
[ext_resource type="Animation" uid="uid://dg4v7rqiaje2h" path="res://addons/godot-xr-tools/hands/animations/right/Pinch Flat.res" id="60_ce5rt"]
[ext_resource type="Animation" uid="uid://cuwwpxi44vwpm" path="res://addons/godot-xr-tools/hands/animations/right/Pinch Large.res" id="61_n3the"]
[ext_resource type="Animation" uid="uid://c6vghurk7t5yb" path="res://addons/godot-xr-tools/hands/animations/right/Pinch Middle.res" id="62_52w8a"]
[ext_resource type="Animation" uid="uid://mjotm5uukoo3" path="res://addons/godot-xr-tools/hands/animations/right/Pinch Ring.res" id="63_5bpk1"]
[ext_resource type="Animation" uid="uid://ca21ej1p3g2yt" path="res://addons/godot-xr-tools/hands/animations/right/Pinch Tight.res" id="64_wcefe"]
[ext_resource type="Animation" uid="uid://cseojxi8rrqc" path="res://addons/godot-xr-tools/hands/animations/right/Pinch Up.res" id="65_6wdsw"]
[ext_resource type="Animation" uid="uid://c8hn123uon74u" path="res://addons/godot-xr-tools/hands/animations/right/PingPong.res" id="66_scvnc"]
[ext_resource type="Animation" uid="uid://b6ra3rqia1gvb" path="res://addons/godot-xr-tools/hands/animations/right/Pinky.res" id="67_t4ypc"]
[ext_resource type="Animation" uid="uid://csp3fdknowmi5" path="res://addons/godot-xr-tools/hands/animations/right/Pistol.res" id="68_n0hr0"]
[ext_resource type="Animation" uid="uid://2ttepgvf634h" path="res://addons/godot-xr-tools/hands/animations/right/Ring.res" id="69_xt34b"]
[ext_resource type="Animation" uid="uid://wcwa3p1qrhwr" path="res://addons/godot-xr-tools/hands/animations/right/Rounded.res" id="70_jsmof"]
[ext_resource type="Animation" uid="uid://bcwx6a6mhsoj2" path="res://addons/godot-xr-tools/hands/animations/right/Sign 1.res" id="71_vn1ns"]
[ext_resource type="Animation" uid="uid://btnsp36fjkldf" path="res://addons/godot-xr-tools/hands/animations/right/Sign 2.res" id="72_76ufb"]
[ext_resource type="Animation" uid="uid://c35i6glt1ov2m" path="res://addons/godot-xr-tools/hands/animations/right/Sign 3.res" id="73_kknu4"]
[ext_resource type="Animation" uid="uid://b8mmk2ufmlyf" path="res://addons/godot-xr-tools/hands/animations/right/Sign 4.res" id="74_8dlub"]
[ext_resource type="Animation" uid="uid://ddgl3lsnlfiny" path="res://addons/godot-xr-tools/hands/animations/right/Sign 5.res" id="75_5ol6e"]
[ext_resource type="Animation" uid="uid://ccy3e7a0hvxyl" path="res://addons/godot-xr-tools/hands/animations/right/Sign_Point.res" id="76_iakol"]
[ext_resource type="Animation" uid="uid://d3h36bkauutoq" path="res://addons/godot-xr-tools/hands/animations/right/Straight.res" id="77_qpuj1"]
[ext_resource type="Animation" uid="uid://bq7cjxdn28jcv" path="res://addons/godot-xr-tools/hands/animations/right/Surfer.res" id="78_2r3ve"]
[ext_resource type="Animation" uid="uid://d2ukhr3n2r1u8" path="res://addons/godot-xr-tools/hands/animations/right/Thumb.res" id="79_l44ya"]

[sub_resource type="AnimationLibrary" id="AnimationLibrary_kw48d"]
_data = {
"Cup": ExtResource("5_5idcp"),
"Default pose": ExtResource("6_ho7np"),
"Grip": ExtResource("7_rw5rv"),
"Grip 1": ExtResource("8_tre14"),
"Grip 2": ExtResource("9_y380a"),
"Grip 3": ExtResource("10_bgfxf"),
"Grip 4": ExtResource("11_e1ytb"),
"Grip 5": ExtResource("12_38wiv"),
"Grip Shaft": ExtResource("13_jgrjm"),
"Hold": ExtResource("14_d1kp6"),
"Horns": ExtResource("15_n1tci"),
"Metal": ExtResource("16_5r1c2"),
"Middle": ExtResource("17_m3jio"),
"OK": ExtResource("18_of4vg"),
"Peace": ExtResource("19_vnkld"),
"Pinch Flat": ExtResource("20_d7l7k"),
"Pinch Large": ExtResource("21_eeodo"),
"Pinch Middle": ExtResource("22_sc2jd"),
"Pinch Ring": ExtResource("23_grx5x"),
"Pinch Tight": ExtResource("24_ndokr"),
"Pinch Up": ExtResource("25_i2ysd"),
"PingPong": ExtResource("26_2i63e"),
"Pinky": ExtResource("27_fhpj8"),
"Pistol": ExtResource("28_0l3pq"),
"Ring": ExtResource("29_70i2y"),
"Rounded": ExtResource("30_oopwc"),
"Sign 1": ExtResource("31_aqeef"),
"Sign 2": ExtResource("32_1i46v"),
"Sign 3": ExtResource("33_ftfue"),
"Sign 4": ExtResource("34_m4816"),
"Sign 5": ExtResource("35_sgjav"),
"Sign_Point": ExtResource("36_877pv"),
"Straight": ExtResource("37_csru2"),
"Surfer": ExtResource("38_fv1v7"),
"Thumb": ExtResource("39_ocw4i")
}

[sub_resource type="AnimationNodeAnimation" id="AnimationNodeAnimation_rf54u"]
animation = &"Grip"

[sub_resource type="AnimationNodeAnimation" id="AnimationNodeAnimation_q1l0b"]
animation = &"Grip"

[sub_resource type="AnimationNodeBlend2" id="AnimationNodeBlend2_m6oh7"]
filter_enabled = true
filters = ["Armature/Skeleton3D:Little_Distal_L", "Armature/Skeleton3D:Little_Intermediate_L", "Armature/Skeleton3D:Little_Metacarpal_L", "Armature/Skeleton3D:Little_Proximal_L", "Armature/Skeleton3D:Middle_Distal_L", "Armature/Skeleton3D:Middle_Intermediate_L", "Armature/Skeleton3D:Middle_Metacarpal_L", "Armature/Skeleton3D:Middle_Proximal_L", "Armature/Skeleton3D:Ring_Distal_L", "Armature/Skeleton3D:Ring_Intermediate_L", "Armature/Skeleton3D:Ring_Metacarpal_L", "Armature/Skeleton3D:Ring_Proximal_L", "Armature/Skeleton3D:Thumb_Distal_L", "Armature/Skeleton3D:Thumb_Metacarpal_L", "Armature/Skeleton3D:Thumb_Proximal_L", "Armature/Skeleton:Little_Distal_L", "Armature/Skeleton:Little_Intermediate_L", "Armature/Skeleton:Little_Proximal_L", "Armature/Skeleton:Middle_Distal_L", "Armature/Skeleton:Middle_Intermediate_L", "Armature/Skeleton:Middle_Proximal_L", "Armature/Skeleton:Ring_Distal_L", "Armature/Skeleton:Ring_Intermediate_L", "Armature/Skeleton:Ring_Proximal_L", "Armature/Skeleton:Thumb_Distal_L", "Armature/Skeleton:Thumb_Proximal_L"]

[sub_resource type="AnimationNodeAnimation" id="AnimationNodeAnimation_ycu8f"]
animation = &"Grip 5"

[sub_resource type="AnimationNodeBlend2" id="AnimationNodeBlend2_q4hdb"]
filter_enabled = true
filters = ["Armature/Skeleton3D:Index_Distal_L", "Armature/Skeleton3D:Index_Intermediate_L", "Armature/Skeleton3D:Index_Metacarpal_L", "Armature/Skeleton3D:Index_Proximal_L", "Armature/Skeleton:Index_Distal_L", "Armature/Skeleton:Index_Intermediate_L", "Armature/Skeleton:Index_Proximal_L"]

[sub_resource type="AnimationNodeBlendTree" id="AnimationNodeBlendTree_3sxli"]
graph_offset = Vector2(-536, 11)
nodes/ClosedHand1/node = SubResource("AnimationNodeAnimation_rf54u")
nodes/ClosedHand1/position = Vector2(-600, 300)
nodes/ClosedHand2/node = SubResource("AnimationNodeAnimation_q1l0b")
nodes/ClosedHand2/position = Vector2(-360, 300)
nodes/Grip/node = SubResource("AnimationNodeBlend2_m6oh7")
nodes/Grip/position = Vector2(0, 20)
nodes/OpenHand/node = SubResource("AnimationNodeAnimation_ycu8f")
nodes/OpenHand/position = Vector2(-600, 100)
nodes/Trigger/node = SubResource("AnimationNodeBlend2_q4hdb")
nodes/Trigger/position = Vector2(-360, 20)
node_connections = [&"Grip", 0, &"Trigger", &"Grip", 1, &"ClosedHand2", &"Trigger", 0, &"OpenHand", &"Trigger", 1, &"ClosedHand1", &"output", 0, &"Grip"]

[sub_resource type="AnimationLibrary" id="AnimationLibrary_reqae"]
_data = {
"Cup": ExtResource("45_i7uu7"),
"Default pose": ExtResource("46_nbgek"),
"Grip": ExtResource("47_oojys"),
"Grip 1": ExtResource("48_y6njx"),
"Grip 2": ExtResource("49_2or2w"),
"Grip 3": ExtResource("50_k84yt"),
"Grip 4": ExtResource("51_vk6dr"),
"Grip 5": ExtResource("52_5fihv"),
"Grip Shaft": ExtResource("53_dwd4g"),
"Hold": ExtResource("54_6knco"),
"Horns": ExtResource("55_w27wx"),
"Metal": ExtResource("56_vhxvs"),
"Middle": ExtResource("57_la2qk"),
"OK": ExtResource("58_uw33k"),
"Peace": ExtResource("59_as07m"),
"Pinch Flat": ExtResource("60_ce5rt"),
"Pinch Large": ExtResource("61_n3the"),
"Pinch Middle": ExtResource("62_52w8a"),
"Pinch Ring": ExtResource("63_5bpk1"),
"Pinch Tight": ExtResource("64_wcefe"),
"Pinch Up": ExtResource("65_6wdsw"),
"PingPong": ExtResource("66_scvnc"),
"Pinky": ExtResource("67_t4ypc"),
"Pistol": ExtResource("68_n0hr0"),
"Ring": ExtResource("69_xt34b"),
"Rounded": ExtResource("70_jsmof"),
"Sign 1": ExtResource("71_vn1ns"),
"Sign 2": ExtResource("72_76ufb"),
"Sign 3": ExtResource("73_kknu4"),
"Sign 4": ExtResource("74_8dlub"),
"Sign 5": ExtResource("75_5ol6e"),
"Sign_Point": ExtResource("76_iakol"),
"Straight": ExtResource("77_qpuj1"),
"Surfer": ExtResource("78_2r3ve"),
"Thumb": ExtResource("79_l44ya")
}

[sub_resource type="AnimationNodeAnimation" id="AnimationNodeAnimation_tf8cy"]
animation = &"Grip"

[sub_resource type="AnimationNodeAnimation" id="AnimationNodeAnimation_dbi0a"]
animation = &"Grip"

[sub_resource type="AnimationNodeBlend2" id="AnimationNodeBlend2_7lb3v"]
filter_enabled = true
filters = ["Armature/Skeleton3D:Little_Distal_R", "Armature/Skeleton3D:Little_Intermediate_R", "Armature/Skeleton3D:Little_Metacarpal_R", "Armature/Skeleton3D:Little_Proximal_R", "Armature/Skeleton3D:Middle_Distal_R", "Armature/Skeleton3D:Middle_Intermediate_R", "Armature/Skeleton3D:Middle_Metacarpal_R", "Armature/Skeleton3D:Middle_Proximal_R", "Armature/Skeleton3D:Ring_Distal_R", "Armature/Skeleton3D:Ring_Intermediate_R", "Armature/Skeleton3D:Ring_Metacarpal_R", "Armature/Skeleton3D:Ring_Proximal_R", "Armature/Skeleton3D:Thumb_Distal_R", "Armature/Skeleton3D:Thumb_Metacarpal_R", "Armature/Skeleton3D:Thumb_Proximal_R", "Armature/Skeleton:Little_Distal_R", "Armature/Skeleton:Little_Intermediate_R", "Armature/Skeleton:Little_Proximal_R", "Armature/Skeleton:Middle_Distal_R", "Armature/Skeleton:Middle_Intermediate_R", "Armature/Skeleton:Middle_Proximal_R", "Armature/Skeleton:Ring_Distal_R", "Armature/Skeleton:Ring_Intermediate_R", "Armature/Skeleton:Ring_Proximal_R", "Armature/Skeleton:Thumb_Distal_R", "Armature/Skeleton:Thumb_Proximal_R"]

[sub_resource type="AnimationNodeAnimation" id="AnimationNodeAnimation_qcvha"]
animation = &"Grip 5"

[sub_resource type="AnimationNodeBlend2" id="AnimationNodeBlend2_swd2l"]
filter_enabled = true
filters = ["Armature/Skeleton3D:Index_Distal_R", "Armature/Skeleton3D:Index_Intermediate_R", "Armature/Skeleton3D:Index_Metacarpal_R", "Armature/Skeleton3D:Index_Proximal_R", "Armature/Skeleton:Index_Distal_R", "Armature/Skeleton:Index_Intermediate_R", "Armature/Skeleton:Index_Proximal_R"]

[sub_resource type="AnimationNodeBlendTree" id="AnimationNodeBlendTree_ub257"]
graph_offset = Vector2(-552.664, 107.301)
nodes/ClosedHand1/node = SubResource("AnimationNodeAnimation_tf8cy")
nodes/ClosedHand1/position = Vector2(-600, 300)
nodes/ClosedHand2/node = SubResource("AnimationNodeAnimation_dbi0a")
nodes/ClosedHand2/position = Vector2(-360, 300)
nodes/Grip/node = SubResource("AnimationNodeBlend2_7lb3v")
nodes/Grip/position = Vector2(0, 40)
nodes/OpenHand/node = SubResource("AnimationNodeAnimation_qcvha")
nodes/OpenHand/position = Vector2(-600, 100)
nodes/Trigger/node = SubResource("AnimationNodeBlend2_swd2l")
nodes/Trigger/position = Vector2(-360, 40)
node_connections = [&"Grip", 0, &"Trigger", &"Grip", 1, &"ClosedHand2", &"Trigger", 0, &"OpenHand", &"Trigger", 1, &"ClosedHand1", &"output", 0, &"Grip"]

[node name="InteractablesDemo" instance=ExtResource("1")]
script = ExtResource("2_a3nc2")

[node name="LeftPhysicsHand" parent="XROrigin3D/LeftHand" index="0" instance=ExtResource("2_ho402")]

[node name="BoneRoot" parent="XROrigin3D/LeftHand/LeftPhysicsHand/Hand_Nails_low_L/Armature/Skeleton3D" index="1"]
transform = Transform3D(1, -1.83077e-05, 1.52659e-08, 1.52668e-08, 0.00166774, 0.999999, -1.83077e-05, -0.999999, 0.00166774, 3.86425e-08, -1.86975e-05, 0.0271756)

[node name="BoneThumbMetacarpal" parent="XROrigin3D/LeftHand/LeftPhysicsHand/Hand_Nails_low_L/Armature/Skeleton3D" index="2"]
transform = Transform3D(0.998519, 0.0514604, -0.0176509, -0.0176509, 0.613334, 0.789626, 0.0514604, -0.788145, 0.613334, 0.00999954, 0.0200266, 3.59323e-05)

[node name="BoneThumbProximal" parent="XROrigin3D/LeftHand/LeftPhysicsHand/Hand_Nails_low_L/Armature/Skeleton3D" index="3"]
transform = Transform3D(0.921479, 0.383957, -0.0587629, -0.124051, 0.434264, 0.892203, 0.368086, -0.814857, 0.447796, 0.012311, 0.0475754, -0.0353648)

[node name="BoneThumbDistal" parent="XROrigin3D/LeftHand/LeftPhysicsHand/Hand_Nails_low_L/Armature/Skeleton3D" index="4"]
transform = Transform3D(0.930159, 0.366843, 0.0151707, -0.154036, 0.352396, 0.923087, 0.333282, -0.860954, 0.384292, 0.0284939, 0.0658787, -0.0697092)

[node name="BoneIndexMetacarpal" parent="XROrigin3D/LeftHand/LeftPhysicsHand/Hand_Nails_low_L/Armature/Skeleton3D" index="5"]
transform = Transform3D(0.999165, 0.0336563, -0.0231681, 0.0231985, -0.000511136, 0.999731, 0.0336354, -0.999433, -0.00129148, -0.0100005, 0.0224317, 3.59286e-05)

[node name="BoneIndexProximal" parent="XROrigin3D/LeftHand/LeftPhysicsHand/Hand_Nails_low_L/Armature/Skeleton3D" index="6"]
transform = Transform3D(0.997821, 0.0419385, -0.0509327, 0.041317, 0.204662, 0.97796, 0.0514381, -0.977934, 0.202483, -0.00729559, 0.0223907, -0.0802861)

[node name="BoneIndexMiddle" parent="XROrigin3D/LeftHand/LeftPhysicsHand/Hand_Nails_low_L/Armature/Skeleton3D" index="7"]
transform = Transform3D(0.759852, 0.644453, -0.0854741, -0.040588, 0.178251, 0.983147, 0.648828, -0.743577, 0.161602, -0.00569704, 0.0301916, -0.117561)

[node name="BoneIndexDistal" parent="XROrigin3D/LeftHand/LeftPhysicsHand/Hand_Nails_low_L/Armature/Skeleton3D" index="8"]
transform = Transform3D(0.356468, 0.927111, -0.115741, -0.109286, 0.164404, 0.98032, 0.927894, -0.336804, 0.159925, 0.0145038, 0.035779, -0.140869)

[node name="BoneMiddleMetacarpal" parent="XROrigin3D/LeftHand/LeftPhysicsHand/Hand_Nails_low_L/Armature/Skeleton3D" index="9"]
transform = Transform3D(0.999918, -0.0127165, -0.00125617, 0.000365488, -0.0698023, 0.997561, -0.0127732, -0.99748, -0.069792, -0.0100005, 0.00355416, 3.59286e-05)

[node name="BoneMiddleProximal" parent="XROrigin3D/LeftHand/LeftPhysicsHand/Hand_Nails_low_L/Armature/Skeleton3D" index="10"]
transform = Transform3D(0.971345, 0.237654, -0.00293003, 0.020734, -0.0724503, 0.997156, 0.236766, -0.968644, -0.0753018, -0.0110237, -0.00206236, -0.0802245)

[node name="BoneMiddleMiddle" parent="XROrigin3D/LeftHand/LeftPhysicsHand/Hand_Nails_low_L/Armature/Skeleton3D" index="11"]
transform = Transform3D(0.764922, 0.643162, -0.0351718, 0.0290328, 0.0201225, 0.999376, 0.643468, -0.765466, -0.00328068, -0.000328436, -0.00532287, -0.123817)

[node name="BoneMiddleDistal" parent="XROrigin3D/LeftHand/LeftPhysicsHand/Hand_Nails_low_L/Armature/Skeleton3D" index="12"]
transform = Transform3D(0.297115, 0.954531, -0.0243817, 0.0374455, 0.0138672, 0.999202, 0.954107, -0.297791, -0.0316227, 0.0205207, -0.00467056, -0.148631)

[node name="BoneRingMetacarpal" parent="XROrigin3D/LeftHand/LeftPhysicsHand/Hand_Nails_low_L/Armature/Skeleton3D" index="13"]
transform = Transform3D(0.998609, 0.0470739, 0.0237408, -0.0169882, -0.138981, 0.990149, 0.0499097, -0.989175, -0.137988, -0.0100005, -0.0130734, 3.59304e-05)

[node name="BoneRingProximal" parent="XROrigin3D/LeftHand/LeftPhysicsHand/Hand_Nails_low_L/Armature/Skeleton3D" index="14"]
transform = Transform3D(0.982964, 0.181854, 0.0266581, 0.0109494, -0.202722, 0.979175, 0.183471, -0.962202, -0.20126, -0.00651963, -0.0233502, -0.0731075)

[node name="BoneRingMiddle" parent="XROrigin3D/LeftHand/LeftPhysicsHand/Hand_Nails_low_L/Armature/Skeleton3D" index="15"]
transform = Transform3D(0.772579, 0.634602, 0.0200163, 0.0794843, -0.127948, 0.98859, 0.629923, -0.762174, -0.149291, 0.000778387, -0.0314857, -0.111722)

[node name="BoneRingDistal" parent="XROrigin3D/LeftHand/LeftPhysicsHand/Hand_Nails_low_L/Armature/Skeleton3D" index="16"]
transform = Transform3D(0.381388, 0.924068, 0.025339, 0.114105, -0.0742598, 0.990689, 0.917346, -0.374946, -0.133762, 0.0184188, -0.0350424, -0.132908)

[node name="BonePinkyMetacarpal" parent="XROrigin3D/LeftHand/LeftPhysicsHand/Hand_Nails_low_L/Armature/Skeleton3D" index="17"]
transform = Transform3D(0.998969, 0.0165318, 0.0422887, -0.0385953, -0.181427, 0.982647, 0.0239172, -0.983265, -0.180601, -4.58211e-07, -0.0299734, 3.59304e-05)

[node name="BonePinkyProximal" parent="XROrigin3D/LeftHand/LeftPhysicsHand/Hand_Nails_low_L/Armature/Skeleton3D" index="18"]
transform = Transform3D(0.969212, 0.239305, 0.0579745, 0.0185536, -0.305761, 0.951928, 0.245527, -0.921544, -0.300787, 0.00108587, -0.0418952, -0.0645756)

[node name="BonePinkyMiddle" parent="XROrigin3D/LeftHand/LeftPhysicsHand/Hand_Nails_low_L/Armature/Skeleton3D" index="19"]
transform = Transform3D(0.699331, 0.713815, 0.0374603, 0.103947, -0.153407, 0.982681, 0.707199, -0.683325, -0.181481, 0.00901248, -0.0520231, -0.0951004)

[node name="BonePinkyDistal" parent="XROrigin3D/LeftHand/LeftPhysicsHand/Hand_Nails_low_L/Armature/Skeleton3D" index="20"]
transform = Transform3D(0.34089, 0.939845, 0.0220292, 0.162162, -0.081867, 0.983362, 0.926011, -0.331646, -0.180315, 0.0218786, -0.0547881, -0.107417)

[node name="BoneAttachment3D" type="BoneAttachment3D" parent="XROrigin3D/LeftHand/LeftPhysicsHand/Hand_Nails_low_L/Armature/Skeleton3D" index="21"]
transform = Transform3D(0.54083, 0.840812, -0.0231736, -0.0826267, 0.0805244, 0.993322, 0.837063, -0.535304, 0.113024, 0.0399019, 0.0402829, -0.150096)
bone_name = "Index_Tip_L"
bone_idx = 9

[node name="Poke" parent="XROrigin3D/LeftHand/LeftPhysicsHand/Hand_Nails_low_L/Armature/Skeleton3D/BoneAttachment3D" index="0" instance=ExtResource("4_nc36h")]
layer = 0
mask = 4194304
push_bodies = false

[node name="AnimationTree" parent="XROrigin3D/LeftHand/LeftPhysicsHand" index="1"]
root_node = NodePath("../Hand_Nails_low_L")
libraries = {
"": SubResource("AnimationLibrary_kw48d")
}
tree_root = SubResource("AnimationNodeBlendTree_3sxli")

[node name="FunctionPoseDetector" parent="XROrigin3D/LeftHand" index="1" instance=ExtResource("3_s2g5l")]

[node name="MovementDirect" parent="XROrigin3D/LeftHand" index="2" instance=ExtResource("8")]
strafe = true

[node name="FunctionPickup" parent="XROrigin3D/LeftHand" index="3" instance=ExtResource("7")]
ranged_enable = false

[node name="ControlPadLocationLeft" parent="XROrigin3D/LeftHand" index="4" instance=ExtResource("8_rx1lv")]

[node name="RightPhysicsHand" parent="XROrigin3D/RightHand" index="0" instance=ExtResource("5_x135n")]

[node name="BoneRoot" parent="XROrigin3D/RightHand/RightPhysicsHand/Hand_Nails_low_R/Armature/Skeleton3D" index="1"]
transform = Transform3D(1, 1.83077e-05, -1.52659e-08, -1.52668e-08, 0.00166774, 0.999999, 1.83077e-05, -0.999999, 0.00166774, -3.86425e-08, -1.86975e-05, 0.0271756)

[node name="BoneThumbMetacarpal" parent="XROrigin3D/RightHand/RightPhysicsHand/Hand_Nails_low_R/Armature/Skeleton3D" index="2"]
transform = Transform3D(0.998519, -0.0514604, 0.0176509, 0.0176509, 0.613334, 0.789626, -0.0514604, -0.788145, 0.613334, -0.00999954, 0.0200266, 3.59323e-05)

[node name="BoneThumbProximal" parent="XROrigin3D/RightHand/RightPhysicsHand/Hand_Nails_low_R/Armature/Skeleton3D" index="3"]
transform = Transform3D(0.921479, -0.383957, 0.0587629, 0.124051, 0.434264, 0.892203, -0.368086, -0.814857, 0.447796, -0.012311, 0.0475754, -0.0353648)

[node name="BoneThumbDistal" parent="XROrigin3D/RightHand/RightPhysicsHand/Hand_Nails_low_R/Armature/Skeleton3D" index="4"]
transform = Transform3D(0.930159, -0.366843, -0.0151707, 0.154036, 0.352396, 0.923087, -0.333282, -0.860954, 0.384292, -0.0284939, 0.0658787, -0.0697092)

[node name="BoneIndexMetacarpal" parent="XROrigin3D/RightHand/RightPhysicsHand/Hand_Nails_low_R/Armature/Skeleton3D" index="5"]
transform = Transform3D(0.999165, -0.0336563, 0.0231681, -0.0231985, -0.000511136, 0.999731, -0.0336354, -0.999433, -0.00129148, 0.0100005, 0.0224317, 3.59286e-05)

[node name="BoneIndexProximal" parent="XROrigin3D/RightHand/RightPhysicsHand/Hand_Nails_low_R/Armature/Skeleton3D" index="6"]
transform = Transform3D(0.997821, -0.0419385, 0.0509327, -0.041317, 0.204662, 0.97796, -0.0514382, -0.977934, 0.202483, 0.00729559, 0.0223907, -0.0802861)

[node name="BoneIndexMiddle" parent="XROrigin3D/RightHand/RightPhysicsHand/Hand_Nails_low_R/Armature/Skeleton3D" index="7"]
transform = Transform3D(0.759852, -0.644453, 0.0854741, 0.040588, 0.178251, 0.983147, -0.648828, -0.743577, 0.161602, 0.00569704, 0.0301916, -0.117561)

[node name="BoneIndexDistal" parent="XROrigin3D/RightHand/RightPhysicsHand/Hand_Nails_low_R/Armature/Skeleton3D" index="8"]
transform = Transform3D(0.356468, -0.927111, 0.115741, 0.109286, 0.164404, 0.98032, -0.927894, -0.336804, 0.159925, -0.0145038, 0.035779, -0.140869)

[node name="BoneMiddleMetacarpal" parent="XROrigin3D/RightHand/RightPhysicsHand/Hand_Nails_low_R/Armature/Skeleton3D" index="9"]
transform = Transform3D(0.999918, 0.0127165, 0.00125616, -0.000365489, -0.0698023, 0.997561, 0.0127732, -0.99748, -0.069792, 0.0100005, 0.00355416, 3.59286e-05)

[node name="BoneMiddleProximal" parent="XROrigin3D/RightHand/RightPhysicsHand/Hand_Nails_low_R/Armature/Skeleton3D" index="10"]
transform = Transform3D(0.971345, -0.237654, 0.00293003, -0.020734, -0.0724503, 0.997156, -0.236766, -0.968644, -0.0753018, 0.0110237, -0.00206236, -0.0802245)

[node name="BoneMiddleMiddle" parent="XROrigin3D/RightHand/RightPhysicsHand/Hand_Nails_low_R/Armature/Skeleton3D" index="11"]
transform = Transform3D(0.764922, -0.643162, 0.0351718, -0.0290328, 0.0201225, 0.999376, -0.643468, -0.765466, -0.00328068, 0.000328433, -0.00532287, -0.123817)

[node name="BoneMiddleDistal" parent="XROrigin3D/RightHand/RightPhysicsHand/Hand_Nails_low_R/Armature/Skeleton3D" index="12"]
transform = Transform3D(0.297115, -0.95453, 0.0243817, -0.0374455, 0.0138672, 0.999202, -0.954107, -0.297791, -0.0316227, -0.0205208, -0.00467056, -0.148631)

[node name="BoneRingMetacarpal" parent="XROrigin3D/RightHand/RightPhysicsHand/Hand_Nails_low_R/Armature/Skeleton3D" index="13"]
transform = Transform3D(0.998609, -0.0470739, -0.0237408, 0.0169882, -0.138981, 0.990149, -0.0499097, -0.989175, -0.137988, 0.0100005, -0.0130734, 3.59304e-05)

[node name="BoneRingProximal" parent="XROrigin3D/RightHand/RightPhysicsHand/Hand_Nails_low_R/Armature/Skeleton3D" index="14"]
transform = Transform3D(0.982964, -0.181854, -0.0266581, -0.0109494, -0.202722, 0.979175, -0.183471, -0.962202, -0.20126, 0.00651963, -0.0233502, -0.0731075)

[node name="BoneRingMiddle" parent="XROrigin3D/RightHand/RightPhysicsHand/Hand_Nails_low_R/Armature/Skeleton3D" index="15"]
transform = Transform3D(0.772579, -0.634602, -0.0200163, -0.0794843, -0.127948, 0.98859, -0.629923, -0.762174, -0.149291, -0.000778387, -0.0314857, -0.111722)

[node name="BoneRingDistal" parent="XROrigin3D/RightHand/RightPhysicsHand/Hand_Nails_low_R/Armature/Skeleton3D" index="16"]
transform = Transform3D(0.381388, -0.924068, -0.025339, -0.114105, -0.0742598, 0.990689, -0.917346, -0.374946, -0.133762, -0.0184188, -0.0350424, -0.132908)

[node name="BonePinkyMetacarpal" parent="XROrigin3D/RightHand/RightPhysicsHand/Hand_Nails_low_R/Armature/Skeleton3D" index="17"]
transform = Transform3D(0.998969, -0.0165318, -0.0422887, 0.0385953, -0.181427, 0.982647, -0.0239172, -0.983265, -0.180601, 4.58211e-07, -0.0299734, 3.59304e-05)

[node name="BonePinkyProximal" parent="XROrigin3D/RightHand/RightPhysicsHand/Hand_Nails_low_R/Armature/Skeleton3D" index="18"]
transform = Transform3D(0.969212, -0.239305, -0.0579745, -0.0185536, -0.305761, 0.951928, -0.245527, -0.921544, -0.300787, -0.00108587, -0.0418952, -0.0645756)

[node name="BonePinkyMiddle" parent="XROrigin3D/RightHand/RightPhysicsHand/Hand_Nails_low_R/Armature/Skeleton3D" index="19"]
transform = Transform3D(0.699331, -0.713815, -0.0374603, -0.103947, -0.153407, 0.982681, -0.707199, -0.683325, -0.181481, -0.00901248, -0.0520231, -0.0951004)

[node name="BonePinkyDistal" parent="XROrigin3D/RightHand/RightPhysicsHand/Hand_Nails_low_R/Armature/Skeleton3D" index="20"]
transform = Transform3D(0.34089, -0.939845, -0.0220292, -0.162162, -0.081867, 0.983362, -0.926011, -0.331646, -0.180315, -0.0218786, -0.0547881, -0.107417)

[node name="BoneAttachment3D" type="BoneAttachment3D" parent="XROrigin3D/RightHand/RightPhysicsHand/Hand_Nails_low_R/Armature/Skeleton3D" index="21"]
transform = Transform3D(0.54083, -0.840812, 0.0231736, 0.0826267, 0.0805244, 0.993322, -0.837063, -0.535304, 0.113024, -0.0399019, 0.0402829, -0.150096)
bone_name = "Index_Tip_R"
bone_idx = 9

[node name="Poke" parent="XROrigin3D/RightHand/RightPhysicsHand/Hand_Nails_low_R/Armature/Skeleton3D/BoneAttachment3D" index="0" instance=ExtResource("4_nc36h")]
layer = 0
mask = 4194304
push_bodies = false

[node name="AnimationTree" parent="XROrigin3D/RightHand/RightPhysicsHand" index="1"]
root_node = NodePath("../Hand_Nails_low_R")
libraries = {
"": SubResource("AnimationLibrary_reqae")
}
tree_root = SubResource("AnimationNodeBlendTree_ub257")

[node name="FunctionPoseDetector" parent="XROrigin3D/RightHand" index="1" instance=ExtResource("3_s2g5l")]

[node name="MovementDirect" parent="XROrigin3D/RightHand" index="2" instance=ExtResource("8")]

[node name="MovementTurn" parent="XROrigin3D/RightHand" index="3" instance=ExtResource("10")]

[node name="FunctionPickup" parent="XROrigin3D/RightHand" index="4" instance=ExtResource("7")]
ranged_enable = false

[node name="ControlPadLocationRight" parent="XROrigin3D/RightHand" index="5" instance=ExtResource("11_euqkg")]

[node name="PlayerBody" parent="XROrigin3D" index="3" instance=ExtResource("9")]

[node name="ControlPad" parent="XROrigin3D" index="4" instance=ExtResource("13_qruny")]

[node name="HolodeckMap" parent="." index="1" instance=ExtResource("25_f2g0r")]

[node name="MainMenuTeleport" parent="." index="2" instance=ExtResource("3")]
transform = Transform3D(1, 0, 0, 0, 1, 0, 0, 0, 1, 0, 0, 4)
title = ExtResource("4")
spawn_point_name = ""
spawn_point_position = Vector3(0, 0, 0)
spawn_point_transform = Transform3D(1, 0, 0, 0, 1, 0, 0, 0, 1, 0, 0, 0)

[node name="Instructions" parent="." index="3" instance=ExtResource("11_txloh")]
transform = Transform3D(1, 0, 0, 0, 1, 0, 0, 0, 1, 0, 3, -4)

[node name="Interactables" type="Node3D" parent="." index="4"]

[node name="SliderSmooth" parent="Interactables" index="0" instance=ExtResource("12")]
transform = Transform3D(1, 0, 0, 0, 1, 0, 0, 0, 1, -0.6, 1, -2)

[node name="SliderSnap" parent="Interactables" index="1" instance=ExtResource("5")]
transform = Transform3D(1, 0, 0, 0, 1, 0, 0, 0, 1, -0.9, 1, -2)

[node name="SliderZero" parent="Interactables" index="2" instance=ExtResource("13")]
transform = Transform3D(1, 0, 0, 0, 1, 0, 0, 0, 1, -1.2, 1, -2)

[node name="LeverSmooth" parent="Interactables" index="3" instance=ExtResource("14")]
transform = Transform3D(1, 0, 0, 0, 1, 0, 0, 0, 1, 0.6, 1, -2)

[node name="LeverSnap" parent="Interactables" index="4" instance=ExtResource("16")]
transform = Transform3D(1, 0, 0, 0, 1, 0, 0, 0, 1, 0.9, 1, -2)

[node name="LeverZero" parent="Interactables" index="5" instance=ExtResource("15")]
transform = Transform3D(1, 0, 0, 0, 1, 0, 0, 0, 1, 1.2, 1, -2)

[node name="JoystickSmooth" parent="Interactables" index="6" instance=ExtResource("18")]
transform = Transform3D(1, 0, 0, 0, 1, 0, 0, 0, 1, 0, 1.5, -2)

[node name="JoystickSnap" parent="Interactables" index="7" instance=ExtResource("17")]
transform = Transform3D(1, 0, 0, 0, 1, 0, 0, 0, 1, -0.3, 1.5, -2)

[node name="JoystickZero" parent="Interactables" index="8" instance=ExtResource("19")]
transform = Transform3D(1, 0, 0, 0, 1, 0, 0, 0, 1, 0.3, 1.5, -2)

[node name="WheelSmooth" parent="Interactables" index="9" instance=ExtResource("20")]
transform = Transform3D(1, 0, 0, 0, 1, 0, 0, 0, 1, 0, 1, -2)

[node name="PushButton1" parent="Interactables" index="10" instance=ExtResource("21")]
transform = Transform3D(1, 0, 0, 0, 0.707107, -0.707107, 0, 0.707107, 0.707107, -1.6, 1.2, -2)

[node name="PushButton2" parent="Interactables" index="11" instance=ExtResource("21")]
transform = Transform3D(1, 0, 0, 0, -0.642788, -0.766044, 0, 0.766044, -0.642788, -1.6, 0.8, -2)

[node name="PushButton3" parent="Interactables" index="12" instance=ExtResource("21")]
transform = Transform3D(0.707107, -0.707107, 3.09086e-08, 0, -4.37114e-08, -1, 0.707107, 0.707107, -3.09086e-08, -1.65, 1, -2)

[node name="PushButton4" parent="Interactables" index="13" instance=ExtResource("21")]
transform = Transform3D(0.642788, 0.766044, -3.34849e-08, 0, -4.37114e-08, -1, -0.766044, 0.642788, -2.80971e-08, -1.55, 1, -2)

[editable path="XROrigin3D/LeftHand/LeftPhysicsHand"]
[editable path="XROrigin3D/LeftHand/LeftPhysicsHand/Hand_Nails_low_L"]
[editable path="XROrigin3D/RightHand/RightPhysicsHand"]
[editable path="XROrigin3D/RightHand/RightPhysicsHand/Hand_Nails_low_R"]
